
                        S T E P       1


                                INCREMENT     1


 displacements (vx,vy,vz) for set TIP and time  0.1000000E+01

         5 -9.892467E-03 -6.860376E-06 -2.626683E-01
         6  9.891198E-03  6.970027E-06 -2.626668E-01
         7 -9.892597E-03  5.550978E-06 -2.626717E-01
         8  9.891736E-03 -5.911576E-06 -2.626706E-01
        37  9.593401E-09  2.769728E-07 -2.626602E-01
        38 -4.941958E-03 -4.063887E-06 -2.626611E-01
        39  4.941593E-03  4.331436E-06 -2.626603E-01
        40 -9.890804E-03 -9.031438E-06 -2.626700E-01
        41 -9.885481E-03 -5.516464E-06 -2.626720E-01
        42 -9.883872E-03 -5.747203E-07 -2.626737E-01
        43 -9.885478E-03  4.294972E-06 -2.626730E-01
        44 -9.891266E-03  7.748568E-06 -2.626725E-01
        45 -9.892453E-03 -8.807016E-06 -2.626661E-01
        46 -9.887797E-03 -7.528489E-06 -2.626694E-01
        47 -9.884532E-03 -3.189203E-06 -2.626718E-01
        48 -9.884512E-03  2.001211E-06 -2.626722E-01
        49 -9.888078E-03  6.313172E-06 -2.626712E-01
        50 -9.892774E-03  7.425963E-06 -2.626693E-01
        51  2.666347E-07 -5.628327E-07 -2.626636E-01
        52 -4.941626E-03  3.047063E-06 -2.626646E-01
        53  4.941704E-03 -3.940476E-06 -2.626637E-01
        54  9.889954E-03  9.098597E-06 -2.626690E-01
        55  9.884941E-03  5.448468E-06 -2.626716E-01
        56  9.883649E-03  4.453088E-07 -2.626739E-01
        57  9.884969E-03 -4.719036E-06 -2.626727E-01
        58  9.889202E-03 -7.809899E-06 -2.626704E-01
        59  9.891399E-03  8.791244E-06 -2.626648E-01
        60  9.887088E-03  7.471262E-06 -2.626687E-01
        61  9.884173E-03  3.099238E-06 -2.626718E-01
        62  9.884248E-03 -2.267787E-06 -2.626724E-01
        63  9.886943E-03 -6.676103E-06 -2.626699E-01
        64  9.891547E-03 -7.667114E-06 -2.626676E-01
       426  1.041943E-05 -1.519289E-07 -2.626707E-01
       427 -1.323838E-03  1.066155E-06 -2.626690E-01
       428 -1.010908E-03 -8.577603E-07 -2.626671E-01
       429  4.143239E-04 -1.227731E-07 -2.626713E-01
       430  2.632146E-03 -2.698603E-06 -2.626659E-01
       431  2.700568E-03  2.603413E-06 -2.626636E-01
       432 -4.008535E-03 -3.797339E-06 -2.626640E-01
       433 -4.171669E-03  3.542380E-06 -2.626668E-01
       434 -6.948463E-03 -6.522850E-06 -2.626639E-01
       435 -2.003765E-03 -1.599448E-06 -2.626606E-01
       436 -6.948495E-03 -6.551452E-06 -2.626660E-01
       437  1.350233E-03  1.130324E-06 -2.626599E-01
       438  6.293574E-03  6.142165E-06 -2.626624E-01
       439  6.293674E-03  5.954972E-06 -2.626650E-01
       440 -7.030356E-03  5.557748E-06 -2.626674E-01
       441 -7.030444E-03  5.628506E-06 -2.626687E-01
       442 -2.085496E-03  1.091360E-06 -2.626633E-01
       443  6.259518E-03 -5.642844E-06 -2.626654E-01
       444  1.316033E-03 -1.403280E-06 -2.626630E-01
       445  6.259364E-03 -5.392822E-06 -2.626674E-01
       446 -6.533639E-04 -7.702336E-07 -2.626631E-01
       447 -5.446897E-03 -3.826605E-06 -2.626689E-01
       448 -5.447929E-03 -5.351121E-06 -2.626673E-01
       449 -2.509502E-03 -2.460792E-06 -2.626651E-01
       450 -4.934933E-03 -8.937068E-07 -2.626713E-01
       451 -4.935286E-03 -2.664345E-06 -2.626704E-01
       452 -5.002716E-04 -4.526715E-07 -2.626682E-01
       453 -4.733254E-03  1.966349E-06 -2.626711E-01
       454 -4.732870E-03  2.118128E-07 -2.626715E-01
       455  2.123759E-04 -9.941470E-08 -2.626703E-01
       456 -5.604463E-03  4.746035E-06 -2.626696E-01
       457 -5.603494E-03  3.269486E-06 -2.626703E-01
       458 -4.546994E-04  3.287369E-07 -2.626693E-01
       459 -2.747596E-03  2.270878E-06 -2.626672E-01
       460 -7.694850E-04  3.527352E-07 -2.626655E-01
       461  4.435697E-03  4.221676E-06 -2.626666E-01
       462  4.435118E-03  2.937764E-06 -2.626682E-01
       463  8.442951E-04  6.640655E-07 -2.626653E-01
       464  4.945561E-03  2.430850E-06 -2.626702E-01
       465  4.945176E-03  6.715706E-07 -2.626714E-01
       466  5.147245E-03 -3.803310E-07 -2.626718E-01
       467  5.147660E-03 -2.194153E-06 -2.626711E-01
       468  4.278716E-03 -2.564725E-06 -2.626695E-01
       469  4.279509E-03 -3.824925E-06 -2.626680E-01
       470  6.537479E-04 -9.407513E-07 -2.626665E-01

 forces (fx,fy,fz) for set FIXED and time  0.1000000E+01

         1  1.982999E-02  1.852805E-02  1.581661E-02
         2 -2.132859E-02 -1.990049E-02  1.745269E-02
         3  1.945829E-02 -1.845865E-02  1.569110E-02
         4 -2.141751E-02  1.989162E-02  1.747661E-02
         9 -2.908973E-03 -3.586424E-03 -3.874232E-03
        10  6.605526E-02  3.565967E-02 -2.528518E-02
        11 -7.107325E-02 -3.944184E-02 -2.783874E-02
        12  2.778975E-02  4.756856E-03  3.474987E-02
        13  4.248395E-02  3.442331E-03  6.255910E-02
        14  5.185103E-02 -7.904157E-04  6.503471E-02
        15  5.519888E-02 -3.783241E-03  5.436004E-02
        16  2.716582E-02 -5.004910E-03  3.414381E-02
        17  7.801363E-02  1.699034E-02  3.528794E-02
        18  1.394528E-01  1.351300E-02  5.839508E-02
        19  1.696349E-01  4.011881E-03  7.383326E-02
        20  1.719358E-01 -4.997366E-03  7.082554E-02
        21  1.339820E-01 -1.095248E-02  5.730290E-02
        22  7.628359E-02 -1.669514E-02  3.512901E-02
        23 -3.090922E-03  3.740936E-03 -3.756050E-03
        24  6.532152E-02 -3.537920E-02 -2.492027E-02
        25 -7.109354E-02  3.958339E-02 -2.794229E-02
        26 -2.801473E-02 -6.277383E-03  4.793188E-02
        27 -4.973314E-02 -3.828376E-03  6.490182E-02
        28 -4.860628E-02  8.397794E-04  6.397554E-02
        29 -6.213735E-02  4.197483E-03  5.546395E-02
        30 -2.911188E-02  6.061494E-03  4.858602E-02
        31 -9.165360E-02 -2.138638E-02  3.513073E-02
        32 -1.598931E-01 -1.503992E-02  5.883317E-02
        33 -1.692935E-01 -4.008402E-03  7.377491E-02
        34 -1.632807E-01  4.649622E-03  7.061644E-02
        35 -1.597547E-01  1.324715E-02  5.741999E-02
        36 -9.223277E-02  2.172609E-02  3.500716E-02
       381 -6.859732E-04  1.930867E-04  2.936206E-02
       382  1.220917E-02 -6.582201E-03  3.061232E-03
       383  1.225895E-02  3.135680E-03  2.060238E-02
       384 -5.709302E-03 -1.104125E-03  2.572512E-02
       385  2.250903E-03 -1.199767E-03  6.601976E-03
       386  2.694491E-03  1.059033E-03  6.479006E-03
       387 -4.813275E-03  3.230784E-03  9.459068E-03
       388 -4.643146E-03 -3.491120E-03  9.607572E-03
       389  4.427186E-02  1.803984E-02 -2.996622E-02
       390  9.838716E-02  1.733492E-02 -2.372299E-02
       391  1.081564E-01  2.751550E-02 -1.433227E-02
       392 -1.048957E-01 -1.458777E-02 -2.872233E-02
       393 -3.046089E-02 -5.699308E-03 -3.499825E-02
       394 -1.163615E-01 -4.162217E-02 -2.819317E-02
       395  1.078494E-01 -2.787337E-02 -1.393260E-02
       396  9.701059E-02 -1.720314E-02 -2.281338E-02
       397  4.498556E-02 -1.846985E-02 -3.021972E-02
       398 -2.976822E-02  5.554304E-03 -3.527201E-02
       399 -1.052593E-01  1.478124E-02 -2.901351E-02
       400 -1.168745E-01  4.274556E-02 -2.930059E-02
       401  1.193139E-02 -1.395098E-03 -3.648714E-02
       402  1.222385E-01  1.819430E-02 -3.225711E-02
       403  1.444251E-01  3.542425E-02 -3.390950E-02
       404  4.858874E-02 -1.443947E-03 -9.199986E-03
       405  1.524286E-01 -1.045727E-02 -4.511438E-02
       406  1.519238E-01  2.134532E-02 -4.708632E-02
       407  1.078077E-02 -9.937059E-04 -2.490832E-02
       408  1.542526E-01 -1.980988E-02 -4.148293E-02
       409  1.333901E-01 -4.273821E-03 -5.356703E-02
       410 -5.127651E-03 -1.180911E-03 -2.205823E-02
       411  1.415931E-01 -1.999606E-02 -2.056925E-02
       412  1.226354E-01 -1.948802E-02 -2.972164E-02
       413  8.567492E-03  9.610760E-03  1.394134E-03
       414  5.167648E-02  3.476682E-04 -8.645676E-03
       415  1.418431E-02  1.128873E-03 -3.764917E-02
       416 -1.421965E-01 -3.948518E-02 -4.694707E-02
       417 -1.265481E-01 -2.351724E-03 -4.207595E-02
       418 -2.693017E-02 -1.401887E-03 -2.483723E-02
       419 -1.522889E-01 -2.124870E-02 -4.650712E-02
       420 -1.521435E-01  1.184245E-02 -4.593798E-02
       421 -1.342020E-01  3.595174E-03 -5.019144E-02
       422 -1.548368E-01  1.909975E-02 -3.686827E-02
       423 -1.283209E-01  5.595142E-03 -4.255628E-02
       424 -1.332306E-01  1.964143E-02 -3.321378E-02
       425 -2.322668E-02  6.348790E-04 -2.609675E-02

 total force (fx,fy,fz) for set FIXED and time  0.1000000E+01

        1.866007E-13 -5.397601E-13  1.000000E-01
