
                        S T E P       1


                                INCREMENT     1


 displacements (vx,vy,vz) for set TIP and time  0.1000000E+01

         5 -9.899349E-03 -1.111812E-05 -2.630362E-01
         6  9.899177E-03  8.712751E-06 -2.630362E-01
         7 -9.899048E-03  1.099677E-05 -2.630293E-01
         8  9.899217E-03 -1.351127E-05 -2.630292E-01
        53 -3.296560E-03 -4.278576E-06 -2.630298E-01
        54  3.296464E-03  2.031377E-06 -2.630298E-01
        55 -6.595374E-03 -7.964702E-06 -2.630318E-01
        56 -4.418522E-08 -1.115223E-06 -2.630285E-01
        57  6.595247E-03  5.654470E-06 -2.630318E-01
        58 -9.900650E-03 -1.300545E-05 -2.630416E-01
        59 -9.899494E-03 -1.114118E-05 -2.630482E-01
        60 -9.897744E-03 -7.628986E-06 -2.630521E-01
        61 -9.897602E-03 -2.775049E-06 -2.630556E-01
        62 -9.897405E-03  2.449322E-06 -2.630546E-01
        63 -9.897838E-03  7.306558E-06 -2.630505E-01
        64 -9.899011E-03  1.103830E-05 -2.630440E-01
        65 -9.900266E-03  1.280809E-05 -2.630362E-01
        66 -9.900231E-03 -1.240302E-05 -2.630366E-01
        67 -9.899773E-03 -1.228706E-05 -2.630437E-01
        68 -9.898244E-03 -9.466080E-06 -2.630492E-01
        69 -9.897401E-03 -5.401507E-06 -2.630532E-01
        70 -9.897057E-03 -1.301646E-07 -2.630543E-01
        71 -9.897244E-03  5.050271E-06 -2.630516E-01
        72 -9.898084E-03  9.449283E-06 -2.630463E-01
        73 -9.899361E-03  1.229196E-05 -2.630388E-01
        74 -9.900037E-03  1.230419E-05 -2.630304E-01
        75 -3.296271E-03  2.664906E-06 -2.630226E-01
        76  3.296471E-03 -5.149340E-06 -2.630226E-01
        77 -6.595049E-03  7.076682E-06 -2.630247E-01
        78  9.151669E-08 -1.244190E-06 -2.630213E-01
        79  6.595248E-03 -9.574004E-06 -2.630247E-01
        80  9.900380E-03  1.055360E-05 -2.630414E-01
        81  9.898857E-03  8.730069E-06 -2.630473E-01
        82  9.897507E-03  5.096253E-06 -2.630521E-01
        83  9.897219E-03  2.976888E-07 -2.630551E-01
        84  9.897296E-03 -4.855677E-06 -2.630542E-01
        85  9.897935E-03 -9.931379E-06 -2.630502E-01
        86  9.898639E-03 -1.354000E-05 -2.630437E-01
        87  9.900511E-03 -1.541457E-05 -2.630362E-01
        88  9.900007E-03  9.989832E-06 -2.630365E-01
        89  9.899501E-03  9.869359E-06 -2.630433E-01
        90  9.897826E-03  7.163693E-06 -2.630488E-01
        91  9.896988E-03  2.873880E-06 -2.630528E-01
        92  9.896827E-03 -2.315057E-06 -2.630539E-01
        93  9.897375E-03 -7.492025E-06 -2.630516E-01
        94  9.898123E-03 -1.188667E-05 -2.630462E-01
        95  9.899596E-03 -1.469540E-05 -2.630389E-01
        96  9.900093E-03 -1.481141E-05 -2.630304E-01
       682 -4.949722E-03 -6.797102E-06 -2.630416E-01
       683 -4.181148E-03  3.265599E-06 -2.630449E-01
       684 -4.340881E-03 -8.389211E-07 -2.630534E-01
       685  2.346037E-08 -1.210700E-06 -2.630301E-01
       686  4.438976E-03  2.533127E-06 -2.630474E-01
       687  4.180786E-03 -3.928215E-06 -2.630507E-01
       688  4.181302E-03 -5.929742E-06 -2.630451E-01
       689 -4.180826E-03  1.339678E-06 -2.630506E-01
       690  4.890318E-03  4.361127E-06 -2.630414E-01
       691  4.481653E-03  6.555631E-07 -2.630516E-01
       692 -1.513000E-03 -2.261906E-06 -2.630495E-01
       693  4.327245E-03 -1.691089E-06 -2.630531E-01
       694  4.839077E-03 -7.903344E-06 -2.630372E-01
       695 -4.839009E-03  5.362691E-06 -2.630371E-01
       696 -4.377326E-06 -1.126312E-06 -2.630353E-01
       697 -5.246709E-03 -5.980433E-06 -2.630469E-01
       698 -5.124389E-03 -2.788327E-06 -2.630530E-01
       699 -6.429727E-08 -1.326476E-06 -2.630520E-01
       700 -2.363871E-09 -1.264997E-06 -2.630478E-01
       701 -1.942791E-04 -1.426188E-06 -2.630441E-01
       702 -1.209748E-04 -1.214216E-06 -2.630524E-01
       703  1.013103E-07 -1.179032E-06 -2.630403E-01
       704  5.065299E-03 -8.371654E-06 -2.630298E-01
       705 -5.064973E-03  5.826474E-06 -2.630299E-01
       706  5.098716E-03  4.786867E-06 -2.630356E-01
       707 -5.098889E-03 -7.072236E-06 -2.630357E-01
       708 -7.497831E-03 -9.737388E-06 -2.630344E-01
       709 -4.197864E-03 -5.572806E-06 -2.630316E-01
       710 -7.498589E-03 -9.879479E-06 -2.630380E-01
       711  4.197729E-03  3.313393E-06 -2.630315E-01
       712  7.497661E-03  7.398947E-06 -2.630343E-01
       713  7.498384E-03  7.510440E-06 -2.630378E-01
       714 -7.480742E-03  9.079225E-06 -2.630278E-01
       715 -7.481431E-03  9.288623E-06 -2.630325E-01
       716 -4.180801E-03  4.130624E-06 -2.630250E-01
       717  7.480913E-03 -1.159049E-05 -2.630278E-01
       718  4.181013E-03 -6.627415E-06 -2.630250E-01
       719  7.481610E-03 -1.170120E-05 -2.630323E-01
       720 -1.650840E-03 -2.859085E-06 -2.630311E-01
       721  1.646410E-03  6.186254E-07 -2.630311E-01
       722 -2.551302E-03 -3.986060E-06 -2.630352E-01
       723  2.546844E-03  1.736688E-06 -2.630351E-01
       724 -7.423632E-03 -9.065251E-06 -2.630443E-01
       725 -7.423788E-03 -9.962736E-06 -2.630411E-01
       726 -5.024395E-03 -6.907599E-06 -2.630384E-01
       727 -7.571588E-03 -7.093838E-06 -2.630489E-01
       728 -7.571975E-03 -8.622637E-06 -2.630472E-01
       729 -5.098252E-03 -6.472934E-06 -2.630442E-01
       730 -7.509989E-03 -2.939719E-06 -2.630541E-01
       731 -7.510312E-03 -4.999727E-06 -2.630519E-01
       732 -3.379589E-03 -3.932422E-06 -2.630478E-01
       733 -5.703452E-03 -4.880268E-06 -2.630501E-01
       734 -3.318614E-03 -2.809983E-06 -2.630512E-01
       735 -7.117852E-03  6.278997E-07 -2.630533E-01
       736 -7.117857E-03 -1.558882E-06 -2.630539E-01
       737 -4.732546E-03 -1.801530E-06 -2.630531E-01
       738 -7.038056E-03  4.175263E-06 -2.630497E-01
       739 -7.037753E-03  2.181116E-06 -2.630522E-01
       740 -4.260798E-03  3.003473E-07 -2.630519E-01
       741 -7.038609E-03  7.171809E-06 -2.630436E-01
       742 -7.038223E-03  5.536404E-06 -2.630473E-01
       743 -4.180974E-03  2.506930E-06 -2.630478E-01
       744 -7.368238E-03  9.224858E-06 -2.630356E-01
       745 -7.367920E-03  8.342016E-06 -2.630402E-01
       746 -4.510091E-03  4.428160E-06 -2.630408E-01
       747 -4.952142E-03  5.769727E-06 -2.630331E-01
       748  1.648659E-03 -3.379843E-06 -2.630248E-01
       749 -1.648485E-03  9.036837E-07 -2.630248E-01
       750 -2.532076E-03  2.253487E-06 -2.630295E-01
       751  2.532280E-03 -4.745576E-06 -2.630295E-01
       752  7.393959E-03  7.517219E-06 -2.630408E-01
       753  7.393660E-03  6.717487E-06 -2.630440E-01
       754  4.994609E-03  4.554242E-06 -2.630383E-01
       755  7.167606E-03  5.674963E-06 -2.630467E-01
       756  7.167121E-03  4.057300E-06 -2.630494E-01
       757  4.664658E-03  3.527946E-06 -2.630442E-01
       758  7.188458E-03  2.721411E-06 -2.630512E-01
       759  7.188214E-03  7.235103E-07 -2.630530E-01
       760  4.460281E-03  1.779252E-06 -2.630493E-01
       761  7.110978E-03 -9.105187E-07 -2.630534E-01
       762  7.111045E-03 -3.089541E-06 -2.630531E-01
       763  4.404398E-03 -5.318647E-07 -2.630524E-01
       764  7.037816E-03 -4.755549E-06 -2.630521E-01
       765  7.038015E-03 -6.632300E-06 -2.630501E-01
       766  4.253995E-03 -2.839828E-06 -2.630519E-01
       767  7.038357E-03 -8.052987E-06 -2.630470E-01
       768  7.038616E-03 -9.712023E-06 -2.630438E-01
       769  4.181003E-03 -4.982015E-06 -2.630478E-01
       770  7.367987E-03 -1.078151E-05 -2.630401E-01
       771  7.368281E-03 -1.171669E-05 -2.630361E-01
       772  4.510239E-03 -7.000990E-06 -2.630406E-01
       773  4.952347E-03 -8.201240E-06 -2.630332E-01
       774 -2.571929E-03 -4.122295E-06 -2.630423E-01
       775 -9.941459E-05 -1.300652E-06 -2.630392E-01
       776 -2.476900E-03 -3.890189E-06 -2.630379E-01
       777 -2.720273E-03 -3.840182E-06 -2.630453E-01
       778 -2.090392E-03  9.577702E-07 -2.630460E-01
       779 -2.090352E-03  2.118948E-07 -2.630491E-01
       780 -2.419162E-03  1.999201E-06 -2.630384E-01
       781 -2.090485E-03  1.117715E-06 -2.630423E-01
       782  7.742115E-08 -1.167400E-06 -2.630439E-01
       783 -2.090315E-03 -1.614805E-07 -2.630511E-01
       784 -2.170281E-03 -9.362308E-07 -2.630522E-01
       785 -2.230777E-03 -1.209313E-06 -2.630525E-01
       786 -2.622499E-03 -1.892940E-06 -2.630522E-01
       787 -6.051582E-05 -1.281546E-06 -2.630518E-01
       788  2.419352E-03 -4.604115E-06 -2.630380E-01
       789  6.554202E-08 -1.382817E-06 -2.630349E-01
       790  2.419330E-03 -4.607287E-06 -2.630333E-01
       791 -2.419288E-03  2.045587E-06 -2.630330E-01
       792  2.347808E-03  1.465692E-06 -2.630423E-01
       793  2.122232E-03  6.503912E-07 -2.630451E-01
       794  1.462707E-03 -1.357456E-08 -2.630477E-01
       795  1.484144E-03 -4.825711E-07 -2.630500E-01
       796 -8.538035E-04 -1.971657E-06 -2.630463E-01
       797  2.090324E-03 -2.756774E-06 -2.630491E-01
       798  2.090379E-03 -3.442087E-06 -2.630460E-01
       799  2.163470E-03 -1.644117E-06 -2.630521E-01
       800  2.090256E-03 -2.397619E-06 -2.630512E-01
       801 -8.592477E-09 -1.287938E-06 -2.630499E-01
       802  2.090552E-03 -3.573312E-06 -2.630422E-01
       803  2.442838E-03  1.601943E-06 -2.630378E-01
       804 -8.170100E-04 -1.681109E-06 -2.630511E-01
       805  2.180156E-03 -5.517494E-07 -2.630519E-01
       806  2.102989E-03 -1.324228E-06 -2.630522E-01

 forces (fx,fy,fz) for set FIXED and time  0.1000000E+01

         1  1.059477E-02  9.097986E-03  9.248508E-03
         2 -1.070366E-02 -9.120768E-03  9.392549E-03
         3  1.072606E-02 -9.141299E-03  9.374668E-03
         4 -1.070025E-02  9.211488E-03  9.314630E-03
         9  8.798907E-03  9.512936E-03 -1.159608E-03
        10 -9.137255E-03 -9.612247E-03 -1.181815E-03
        11  5.022257E-02  2.788763E-02 -1.155798E-02
        12 -1.452283E-04 -2.236590E-04 -2.098554E-02
        13 -5.012429E-02 -2.767363E-02 -1.141595E-02
        14  8.931018E-03  1.495581E-03  1.326267E-02
        15  1.443015E-02  1.125318E-03  1.827655E-02
        16  2.593986E-02 -8.210346E-04  2.319566E-02
        17  1.948149E-02 -8.268155E-04  2.336155E-02
        18  2.278155E-02  8.742126E-04  2.700173E-02
        19  2.099586E-02  9.366179E-04  2.460074E-02
        20  1.679516E-02  1.980993E-04  1.915130E-02
        21  8.952135E-03 -1.668820E-03  1.305217E-02
        22  4.307674E-02  1.117296E-02  1.731260E-02
        23  5.361624E-02  7.334770E-03  2.379763E-02
        24  6.200237E-02  4.566707E-03  3.059247E-02
        25  6.575043E-02  3.096654E-03  3.186036E-02
        26  7.388679E-02 -8.862433E-05  3.361359E-02
        27  7.604896E-02 -3.418546E-03  3.711440E-02
        28  7.023256E-02 -6.170596E-03  3.144010E-02
        29  5.583817E-02 -8.256998E-03  2.470964E-02
        30  4.305592E-02 -1.098134E-02  1.703773E-02
        31  9.381328E-03 -9.737417E-03 -1.345925E-03
        32 -9.073105E-03  9.661708E-03 -1.401502E-03
        33  5.037665E-02 -2.777524E-02 -1.148945E-02
        34 -9.908043E-05  2.705565E-05 -2.164711E-02
        35 -5.060287E-02  2.810023E-02 -1.165612E-02
        36 -8.900456E-03 -1.711240E-03  1.314752E-02
        37 -1.601950E-02 -1.504748E-03  1.914650E-02
        38 -2.027901E-02 -1.392429E-03  2.512725E-02
        39 -2.230370E-02  8.581739E-04  2.698838E-02
        40 -2.193116E-02 -9.180831E-04  2.383246E-02
        41 -2.107375E-02 -4.847469E-04  2.283207E-02
        42 -1.296298E-02  1.395724E-03  2.049399E-02
        43 -8.850421E-03  1.419386E-03  1.316885E-02
        44 -4.272431E-02 -1.092040E-02  1.693795E-02
        45 -5.407015E-02 -7.339038E-03  2.396851E-02
        46 -6.707202E-02 -4.238259E-03  3.055017E-02
        47 -7.544314E-02 -2.298487E-03  3.894674E-02
        48 -7.395600E-02  8.866481E-05  3.379933E-02
        49 -7.484301E-02  3.309936E-03  3.310559E-02
        50 -7.129103E-02  5.024300E-03  3.139039E-02
        51 -5.577048E-02  8.284263E-03  2.463641E-02
        52 -4.334208E-02  1.105834E-02  1.750004E-02
       557  2.421828E-04  3.282650E-04  7.125400E-04
       558 -9.657866E-03  7.614963E-04  5.067811E-03
       559 -5.253943E-03 -2.826273E-04  4.898142E-03
       560 -8.909233E-04 -5.635859E-04  4.526054E-03
       561  1.702540E-05 -3.011036E-04  2.939609E-03
       562  2.741806E-03 -5.219702E-04  4.251192E-03
       563  2.826941E-03 -5.608221E-04  6.326621E-03
       564 -7.641986E-03 -1.840930E-03  8.151702E-03
       565  6.302732E-04 -1.795739E-03  3.138286E-03
       566  6.082389E-03 -1.295726E-03  9.648143E-03
       567  2.549484E-03 -9.616435E-04  5.268746E-03
       568  5.514685E-03 -6.866828E-04  5.327664E-03
       569  5.579770E-05  4.814005E-04  8.720277E-04
       570  2.488705E-04  1.292852E-04  1.953592E-03
       571  1.679456E-04 -6.422418E-04  4.939328E-03
       572 -3.348798E-03  1.604566E-03  5.430491E-03
       573 -1.130914E-03 -2.342891E-04  3.217464E-03
       574 -5.525772E-04 -5.915610E-05  3.963908E-03
       575 -8.882185E-04  1.953481E-04  2.138614E-03
       576 -4.151662E-04 -2.835406E-04  2.544408E-03
       577  5.262107E-04 -1.729441E-04  3.672546E-03
       578 -3.395491E-04 -5.675766E-04  1.881799E-03
       579  8.011639E-03  5.533068E-03  4.843824E-03
       580 -2.037685E-03 -2.312752E-03  2.368530E-03
       581  1.313987E-03 -1.834741E-03  1.713718E-03
       582 -2.655620E-03  2.140993E-03  1.000365E-03
       583  4.050422E-02  9.229300E-03 -1.683014E-02
       584  5.994402E-02  1.107278E-02 -7.406180E-03
       585  5.578327E-02  1.569047E-02 -2.760857E-03
       586 -5.998311E-02 -1.065675E-02 -7.653460E-03
       587 -3.938153E-02 -8.542259E-03 -1.642076E-02
       588 -5.610060E-02 -1.603548E-02 -3.083176E-03
       589  5.693733E-02 -1.614506E-02 -3.102319E-03
       590  6.013767E-02 -1.061393E-02 -7.652954E-03
       591  4.015472E-02 -8.788573E-03 -1.642238E-02
       592 -4.119232E-02  9.262961E-03 -1.693562E-02
       593 -6.026959E-02  1.045598E-02 -7.568015E-03
       594 -5.711934E-02  1.595840E-02 -2.908844E-03
       595 -7.377287E-03  5.562572E-03 -1.989200E-02
       596  8.292876E-03 -5.068110E-03 -2.060024E-02
       597  1.856786E-02  6.542610E-03 -1.799678E-02
       598 -2.048893E-02 -7.638449E-03 -1.779745E-02
       599  5.643773E-02  1.229051E-02 -4.676971E-03
       600  6.357669E-02  1.168430E-02 -1.936299E-04
       601  3.392481E-02  4.678713E-03 -1.025927E-03
       602  6.273642E-02  7.952365E-03 -4.780891E-03
       603  7.383247E-02  9.605216E-03 -4.333355E-03
       604  3.814546E-02  6.011370E-03 -5.932845E-04
       605  8.393241E-02  2.115549E-03  2.968494E-03
       606  6.758684E-02  3.364263E-03 -7.671115E-03
       607  6.340117E-02  5.104029E-03 -7.686410E-03
       608  4.328530E-02  4.767730E-04 -9.428563E-03
       609  4.043955E-02  5.448457E-03 -5.746744E-03
       610  7.783286E-02  2.010212E-04 -8.969921E-04
       611  8.771539E-02  2.674584E-04 -8.307658E-04
       612  4.086015E-02  6.953152E-04  3.077955E-03
       613  7.999925E-02 -3.161419E-03 -1.403756E-02
       614  8.857645E-02 -3.788305E-03 -2.452394E-03
       615  4.632990E-02 -1.859925E-03  4.817886E-03
       616  7.822390E-02 -1.027445E-02 -9.324458E-03
       617  7.927159E-02 -9.358885E-03 -2.718486E-04
       618  4.090038E-02 -3.076356E-03  2.192600E-03
       619  6.722956E-02 -1.380580E-02 -6.521921E-03
       620  5.942942E-02 -1.281293E-02 -3.924148E-03
       621  4.332395E-02 -6.029340E-03 -4.322048E-05
       622  3.480678E-02 -4.969505E-03 -1.091538E-03
       623  7.407551E-03  5.721386E-03 -2.048159E-02
       624 -7.917821E-03 -5.795007E-03 -2.050823E-02
       625  2.112431E-02 -8.405250E-03 -1.893365E-02
       626 -2.368619E-02  5.307977E-03 -2.254045E-02
       627 -7.205365E-02 -1.329224E-02 -5.549342E-04
       628 -5.839154E-02 -1.261684E-02 -4.414993E-03
       629 -3.408164E-02 -5.852039E-03 -2.629811E-03
       630 -8.201028E-02 -8.472850E-03 -8.708010E-04
       631 -7.369442E-02 -8.899367E-03 -7.543019E-03
       632 -4.653763E-02 -4.347625E-03  3.809690E-04
       633 -7.966822E-02 -2.187991E-03 -1.318404E-02
       634 -7.897301E-02 -5.633928E-03 -1.147123E-02
       635 -5.135837E-02 -3.643474E-03 -5.545397E-05
       636 -8.761730E-02  2.108229E-04 -1.308776E-03
       637 -8.753649E-02  2.495852E-06 -7.499790E-04
       638 -4.779677E-02 -1.362752E-03  4.888010E-03
       639 -8.600707E-02  4.188323E-03 -3.497217E-04
       640 -8.061326E-02  4.357155E-03 -9.773219E-03
       641 -4.921229E-02  2.460470E-03  3.665612E-03
       642 -7.747412E-02  6.032436E-03 -4.498677E-03
       643 -7.706903E-02  8.856896E-03 -1.019654E-02
       644 -4.637667E-02  3.088569E-03  1.785086E-03
       645 -5.923308E-02  1.264649E-02 -4.506274E-03
       646 -7.106709E-02  1.545441E-02 -3.738588E-03
       647 -4.608619E-02  5.828674E-03 -3.980618E-03
       648 -3.684838E-02  4.415702E-03 -1.079125E-03
       649  1.978952E-02  4.667859E-03 -1.291999E-02
       650  9.193911E-04  1.564832E-03 -8.810973E-03
       651  2.194070E-02  3.583272E-03 -1.130870E-02
       652  2.478821E-02  3.791220E-03 -9.290797E-03
       653  2.356442E-02 -1.475779E-03 -1.022827E-02
       654  2.252196E-02  3.517471E-04 -1.329550E-02
       655  2.063806E-02 -5.261962E-03 -1.067948E-02
       656  2.193816E-02 -2.759372E-03 -1.272859E-02
       657  2.712319E-03 -1.399937E-04 -7.653305E-03
       658  2.321304E-02 -1.030582E-03 -1.081622E-02
       659  2.134614E-02  1.043502E-03 -1.436324E-02
       660  2.532153E-02  1.184398E-03 -8.130948E-03
       661  2.012230E-02  2.447510E-03 -1.023593E-02
       662  4.413418E-04 -4.002614E-04 -7.055339E-03
       663 -2.009391E-02  3.699186E-03 -1.336767E-02
       664 -1.389680E-04  1.232776E-03 -8.181446E-03
       665 -2.038546E-02  3.768166E-03 -1.106773E-02
       666  2.136167E-02 -4.023155E-03 -1.390194E-02
       667 -2.002070E-02 -3.212063E-03 -1.206010E-02
       668 -2.189907E-02 -2.923492E-03 -1.706574E-02
       669 -2.145095E-02 -6.061703E-03 -1.423590E-02
       670 -1.826969E-02 -1.111385E-03 -1.302244E-02
       671  7.536642E-03  1.438799E-03 -5.669464E-03
       672 -1.858698E-02  1.477975E-03 -1.167760E-02
       673 -1.946507E-02  1.329020E-03 -8.261071E-03
       674 -2.030973E-02  3.273296E-04 -8.578375E-03
       675 -2.006131E-02  2.321319E-03 -1.267983E-02
       676  1.288950E-03 -1.053227E-04 -6.279221E-03
       677 -1.851434E-02  2.780379E-03 -7.750697E-03
       678 -2.029548E-02 -5.145210E-03 -1.367671E-02
       679 -2.468020E-02  2.408325E-03 -1.491227E-02
       680  4.519121E-03  7.179001E-04 -7.953480E-03
       681 -2.383346E-02 -1.263188E-03 -1.122455E-02

 total force (fx,fy,fz) for set FIXED and time  0.1000000E+01

       -5.958487E-12 -2.661820E-12  1.000000E-01
