
                        S T E P       1


                                INCREMENT     1


 displacements (vx,vy,vz) for set TIP and time  0.1000000E+01

         5 -9.881352E-03 -6.217653E-06 -2.622939E-01
         6  9.881510E-03  5.979830E-06 -2.622940E-01
         7 -9.881520E-03  6.199725E-06 -2.622931E-01
         8  9.881563E-03 -6.647479E-06 -2.622929E-01
        29  5.143007E-08 -1.053189E-07 -2.622891E-01
        30 -4.937282E-03 -3.821333E-06 -2.622897E-01
        31  4.937391E-03  3.596601E-06 -2.622898E-01
        32 -9.879634E-03 -7.502805E-06 -2.622990E-01
        33 -9.877376E-03  1.836606E-07 -2.623027E-01
        34 -9.879794E-03  7.721636E-06 -2.622984E-01
        35 -9.880942E-03 -8.003994E-06 -2.622923E-01
        36 -9.878105E-03 -4.082669E-06 -2.623002E-01
        37 -9.877628E-03  4.252243E-06 -2.622996E-01
        38 -9.881193E-03  8.079426E-06 -2.622915E-01
        39  7.226447E-08 -2.292668E-07 -2.622879E-01
        40 -4.937342E-03  3.663412E-06 -2.622887E-01
        41  4.937471E-03 -4.125095E-06 -2.622886E-01
        42  9.879826E-03  7.272128E-06 -2.622990E-01
        43  9.877275E-03 -4.345873E-07 -2.623024E-01
        44  9.879508E-03 -8.027375E-06 -2.622982E-01
        45  9.881150E-03  7.748726E-06 -2.622924E-01
        46  9.878006E-03  3.869478E-06 -2.623001E-01
        47  9.877454E-03 -4.427836E-06 -2.622992E-01
        48  9.881057E-03 -8.514516E-06 -2.622913E-01
       286 -4.122576E-08 -1.082771E-07 -2.623003E-01
       287 -5.632588E-08 -1.101428E-07 -2.622996E-01
       288  1.153990E-07 -1.800229E-07 -2.622918E-01
       289 -5.375648E-08 -6.121922E-08 -2.622927E-01
       290 -4.937873E-03 -4.450923E-06 -2.622900E-01
       291  1.340511E-08 -8.445985E-08 -2.622881E-01
       292 -4.938319E-03 -3.892801E-06 -2.622942E-01
       293  4.937972E-03  4.259795E-06 -2.622901E-01
       294  4.938326E-03  3.704307E-06 -2.622942E-01
       295 -4.937983E-03  4.353353E-06 -2.622890E-01
       296 -4.938365E-03  3.865124E-06 -2.622935E-01
       297  7.354921E-08 -2.067844E-07 -2.622870E-01
       298  4.938037E-03 -4.767444E-06 -2.622889E-01
       299  4.938392E-03 -4.239767E-06 -2.622933E-01
       300 -4.936914E-03 -1.032468E-06 -2.623008E-01
       301 -4.937464E-03 -3.194365E-06 -2.622985E-01
       302 -1.508094E-07 -7.233304E-08 -2.622966E-01
       303 -4.937369E-03  3.340588E-06 -2.622979E-01
       304 -4.937229E-03  9.056345E-07 -2.623000E-01
       305  1.513962E-07 -7.346948E-08 -2.623006E-01
       306  1.270853E-07 -1.589319E-07 -2.622959E-01
       307  4.937403E-03  3.020013E-06 -2.622985E-01
       308  4.936900E-03  7.681590E-07 -2.623006E-01
       309  4.937370E-03 -1.114700E-06 -2.622997E-01
       310  4.937291E-03 -3.606638E-06 -2.622979E-01

 forces (fx,fy,fz) for set FIXED and time  0.1000000E+01

         1  2.844746E-02  3.414998E-02  3.398473E-02
         2 -2.832633E-02 -3.418274E-02  3.388707E-02
         3  2.821392E-02 -3.412049E-02  3.385964E-02
         4 -2.833245E-02  3.405156E-02  3.397316E-02
         9  2.553603E-05  4.267320E-06 -6.879123E-04
        10  9.603674E-02  5.817375E-02 -4.931182E-02
        11 -9.622637E-02 -5.823449E-02 -4.946093E-02
        12  7.321792E-02  8.981381E-03  8.177905E-02
        13  9.675592E-02 -5.280267E-03  1.074998E-01
        14  7.319669E-02 -8.904506E-03  8.372276E-02
        15  1.850267E-01  3.252123E-02  7.425467E-02
        16  2.479704E-01  1.010956E-02  1.207646E-01
        17  2.431504E-01 -6.775774E-03  1.196128E-01
        18  1.849681E-01 -3.243024E-02  7.442762E-02
        19 -3.075917E-05  1.749051E-05 -6.796370E-04
        20  9.601475E-02 -5.813331E-02 -4.946308E-02
        21 -9.599938E-02  5.810134E-02 -4.939162E-02
        22 -7.321816E-02 -8.934354E-03  8.173644E-02
        23 -9.617756E-02  6.054888E-03  1.063884E-01
        24 -7.300601E-02  9.294556E-03  8.337205E-02
        25 -1.852627E-01 -3.252926E-02  7.449728E-02
        26 -2.483736E-01 -1.036913E-02  1.225556E-01
        27 -2.435596E-01  6.086414E-03  1.196842E-01
        28 -1.845658E-01  3.232329E-02  7.402121E-02
       261 -6.100520E-03  4.887425E-04  3.545818E-02
       262  3.272247E-03  2.306864E-03  2.454009E-02
       263 -2.843739E-04 -8.633646E-05  1.747611E-02
       264  3.194289E-04 -9.564805E-05  1.732721E-02
       265 -1.761271E-04 -4.953351E-05 -6.742030E-02
       266  1.573652E-01  9.040846E-03 -5.964343E-02
       267  1.802245E-01  4.239891E-02 -5.790813E-02
       268 -1.574991E-01 -9.630855E-03 -5.979803E-02
       269 -1.795505E-01 -4.193521E-02 -5.773514E-02
       270  1.797299E-01 -4.247365E-02 -5.904078E-02
       271  1.576306E-01 -9.648180E-03 -6.012660E-02
       272  1.031951E-04 -1.135661E-04 -6.756123E-02
       273 -1.575121E-01  9.223961E-03 -6.000992E-02
       274 -1.803850E-01  4.245025E-02 -5.922640E-02
       275  1.931096E-01  1.041256E-02 -7.098827E-02
       276  2.035241E-01  2.209049E-02 -9.268592E-02
       277  3.763250E-04  1.532396E-03 -1.226563E-02
       278  2.259171E-01 -1.766446E-02 -5.999094E-02
       279  1.902651E-01 -1.208951E-02 -7.774530E-02
       280 -4.543014E-04 -2.381237E-03 -1.683515E-02
       281 -3.502671E-04  1.266938E-03 -1.385425E-02
       282 -2.014538E-01 -2.153799E-02 -9.394355E-02
       283 -1.897410E-01 -1.098317E-02 -7.408669E-02
       284 -1.933807E-01  1.174775E-02 -7.553964E-02
       285 -2.248953E-01  1.575451E-02 -5.942228E-02

 total force (fx,fy,fz) for set FIXED and time  0.1000000E+01

       -2.501194E-12 -1.819898E-13  1.000000E-01
